-0.237029 0.122475
0.154079 0.087045
0.189215 -0.292258
0.248152 -0.198754
-0.049458 -0.029077
-0.416179 -0.269512
-0.271023 0.344309
0.413337 -0.305236
-0.347622 -0.274078
0.325817 -0.329292
0.038342 -0.272336
0.496135 -0.064301
-0.421824 -0.188898
-0.057322 0.423380
-0.393347 -0.069793
0.461898 -0.315184
-0.495366 0.404881
0.274910 0.479748
0.317303 -0.061130
0.368695 -0.388881
-0.415564 -0.241935
-0.100217 -0.091280
-0.240130 0.094896
0.300068 -0.237788
-0.068586 0.102843
0.410648 0.211216
-0.318153 -0.278253
-0.236197 -0.382582
-0.354461 -0.203324
-0.363931 -0.181222
0.369292 -0.075833
0.079705 0.007858
0.049860 -0.414484
-0.355045 -0.237518
0.353031 0.301015
0.122055 -0.470780
-0.149048 0.428854
0.013250 0.230331
-0.098192 -0.011391
-0.424033 0.078525
-0.260084 -0.262716
-0.376681 -0.041151
-0.316092 0.463089
-0.260047 0.046806
-0.082733 0.021136
-0.450346 -0.268406
0.402716 -0.011102
0.444787 0.124060
-0.009136 0.179136
-0.010747 -0.104485
-0.162281 -0.132563
0.400054 0.487982
-0.130753 -0.462261
-0.388797 0.385168
0.280252 0.413287
-0.110261 0.296184
-0.258309 -0.401288
-0.096088 -0.238129
-0.403545 -0.164643
-0.368027 0.179728
0.442051 -0.363447
0.456135 0.221227
0.075209 -0.393238
-0.440220 0.153757
-0.265220 -0.005826
-0.146841 0.279052
0.321194 0.215037
-0.484597 0.403721
-0.456976 0.390923
-0.331010 -0.165837
0.149115 0.198746
0.231722 -0.302190
0.147746 -0.469459
-0.049076 0.244074
0.047009 0.000022
-0.203679 -0.020078
0.244693 0.404722
-0.311045 0.109867
0.186775 0.117666
-0.316489 0.359442
-0.131515 0.305489
0.125619 0.076722
0.280227 -0.317078
-0.418874 -0.260068
0.429386 0.386512
0.275713 -0.471326
-0.013208 -0.010099
-0.064141 -0.332073
-0.053216 0.478681
-0.193651 0.212694
0.008509 0.000472
0.010772 -0.028912
0.317628 -0.440381
0.294831 0.181972
0.144318 -0.457569
-0.121391 -0.428555
0.311580 0.021650
0.032826 -0.403270
-0.149273 0.318149
0.439002 0.317547
0.375943 0.222440
0.050156 -0.350135
